mean_number_of_generations: 166.2
std_number_of_generations: 211.31727307295517
number_of_generation_range: 1186
mean_elapsed_time: 0.41887379799980407
std_elapsed_time: 0.52105755263733
range_elapsed_time: 2.6690013999977964

    elapsed_time  number_of_generations           completed_state
0       0.055788                     17  [3, 0, 4, 7, 5, 2, 6, 1]
1       0.147641                     67  [3, 7, 0, 4, 6, 1, 5, 2]
2       0.792727                    383  [0, 6, 4, 7, 1, 3, 5, 2]
3       0.191135                     99  [2, 6, 1, 7, 5, 3, 0, 4]
4       0.264663                    125  [7, 1, 4, 2, 0, 6, 3, 5]
..           ...                    ...                       ...
95      0.273705                     70  [2, 5, 1, 6, 0, 3, 7, 4]
96      1.240244                    382  [4, 6, 1, 3, 7, 0, 2, 5]
97      0.059704                     21  [5, 2, 6, 1, 7, 4, 0, 3]
98      0.360920                    143  [2, 5, 3, 0, 7, 4, 6, 1]
99      1.217597                    473  [6, 3, 1, 7, 5, 0, 2, 4]

[100 rows x 3 columns]