mean_number_of_generations: 4133.73
std_number_of_generations: 4741.092696485343
mean_elapsed_time: 3.6934328219997408
std_elapsed_time: 4.275131595039917

    elapsed_time  number_of_generations           completed_state
0       1.058945                    942  [4, 2, 4, 0, 6, 0, 7, 1]
1       1.802402                   1853  [6, 4, 3, 3, 7, 4, 4, 4]
2       0.221359                    333  [5, 3, 2, 7, 1, 4, 0, 2]
3       0.272932                    393  [7, 7, 6, 0, 7, 2, 4, 3]
4       0.151404                    236  [0, 7, 5, 2, 2, 1, 3, 3]
..           ...                    ...                       ...
95      1.390475                   1613  [1, 3, 1, 2, 6, 1, 4, 6]
96      0.270724                    345  [0, 5, 3, 6, 1, 3, 2, 3]
97      0.252170                    338  [2, 3, 4, 7, 6, 5, 0, 2]
98      1.291602                   1158  [5, 6, 4, 0, 7, 7, 7, 1]
99      5.470528                   6350  [2, 6, 1, 7, 1, 0, 3, 1]

[100 rows x 3 columns]