mean_number_of_generations: 163.76
std_number_of_generations: 215.71483795309794
number_of_generation_range: 1299
mean_elapsed_time: 1.0246695430000057
std_elapsed_time: 1.3213983944302632
range_elapsed_time: 8.481689500000016

    elapsed_time  number_of_generations           completed_state
0       1.198677                    156  [4, 0, 7, 3, 1, 6, 2, 5]
1       2.013726                    402  [4, 2, 0, 6, 1, 7, 5, 3]
2       4.611017                    829  [4, 2, 0, 6, 1, 7, 5, 3]
3       0.601158                    119  [2, 6, 1, 7, 4, 0, 3, 5]
4       0.586307                     83  [3, 5, 7, 1, 6, 0, 2, 4]
..           ...                    ...                       ...
95      8.492645                   1303  [4, 0, 7, 5, 2, 6, 1, 3]
96      0.210976                     44  [5, 2, 6, 1, 3, 7, 0, 4]
97      0.921167                    128  [1, 5, 7, 2, 0, 3, 6, 4]
98      1.593502                    284  [3, 1, 6, 2, 5, 7, 0, 4]
99      0.090260                     19  [4, 2, 0, 6, 1, 7, 5, 3]

[100 rows x 3 columns]