mean_number_of_generations: 4933.75
std_number_of_generations: 6759.726967433109
mean_elapsed_time: 5.070897210000058
std_elapsed_time: 9.420892420736244

    elapsed_time  number_of_generations           completed_state
0       4.677473                   2057  [1, 1, 4, 4, 3, 7, 0, 3]
1       1.228766                    612  [6, 3, 4, 2, 4, 3, 1, 6]
2      18.520955                  11615  [0, 2, 6, 6, 0, 2, 1, 7]
3      17.192460                  10541  [5, 5, 0, 1, 6, 0, 6, 6]
4       2.717894                   1638  [4, 0, 3, 0, 2, 1, 3, 6]
..           ...                    ...                       ...
95      3.334591                   4209  [2, 5, 0, 6, 6, 1, 7, 1]
96      7.839700                  11391  [0, 1, 4, 1, 7, 2, 1, 0]
97      1.939923                   1663  [5, 2, 5, 6, 5, 3, 7, 7]
98      1.099395                   1502  [1, 2, 2, 0, 7, 7, 2, 1]
99      3.608157                   5316  [1, 3, 1, 6, 0, 0, 2, 5]

[100 rows x 3 columns]