mean_number_of_generations: 137.43
std_number_of_generations: 135.806625372069
number_of_generation_range: 616
mean_elapsed_time: 0.915801378999995
std_elapsed_time: 0.9094976579427887
range_elapsed_time: 4.387801900000113

    elapsed_time  number_of_generations           completed_state
0       0.089901                     10  [2, 5, 7, 1, 3, 0, 6, 4]
1       2.327863                    400  [2, 5, 1, 4, 7, 0, 6, 3]
2       0.585526                     95  [3, 1, 7, 4, 6, 0, 2, 5]
3       0.232502                     57  [4, 6, 0, 2, 7, 5, 3, 1]
4       0.509986                     81  [2, 5, 1, 6, 0, 3, 7, 4]
..           ...                    ...                       ...
95      0.224443                     30  [3, 1, 7, 4, 6, 0, 2, 5]
96      0.286283                     53  [4, 6, 3, 0, 2, 7, 5, 1]
97      0.512466                     92  [5, 3, 0, 4, 7, 1, 6, 2]
98      1.148710                    195  [3, 5, 7, 1, 6, 0, 2, 4]
99      1.470138                    225  [3, 0, 4, 7, 1, 6, 2, 5]

[100 rows x 3 columns]