mean_number_of_generations: 156.62
std_number_of_generations: 172.6066222964984
mean_elapsed_time: 0.9157088190000036
std_elapsed_time: 1.0208890674597972

    elapsed_time  number_of_generations           completed_state
0       0.057475                     11  [6, 2, 0, 5, 7, 4, 1, 3]
1       0.698251                    117  [5, 1, 6, 0, 2, 4, 7, 3]
2       1.061580                    152  [6, 0, 2, 7, 5, 3, 1, 4]
3       2.142377                    347  [5, 3, 6, 0, 7, 1, 4, 2]
4       0.493582                     72  [2, 5, 3, 0, 7, 4, 6, 1]
..           ...                    ...                       ...
95      4.829905                    753  [3, 0, 4, 7, 5, 2, 6, 1]
96      0.585908                     70  [3, 5, 7, 2, 0, 6, 4, 1]
97      0.180452                     29  [3, 6, 4, 2, 0, 5, 7, 1]
98      0.654422                     81  [5, 3, 6, 0, 2, 4, 1, 7]
99      0.503852                     80  [6, 1, 3, 0, 7, 4, 2, 5]

[100 rows x 3 columns]