mean_number_of_generations: 3899.57
std_number_of_generations: 4302.063015225334
mean_elapsed_time: 9.612069341000005
std_elapsed_time: 11.222352261683742

    elapsed_time  number_of_generations           completed_state
0       1.523026                    293  [4, 0, 7, 3, 1, 6, 2, 5]
1      37.884583                   8255  [3, 6, 4, 1, 5, 0, 2, 7]
2       5.124866                   1984  [1, 5, 0, 6, 3, 7, 2, 4]
3      13.589278                   3252  [2, 6, 1, 7, 4, 0, 3, 5]
4       3.609953                   1182  [1, 4, 6, 0, 2, 7, 5, 3]
..           ...                    ...                       ...
95      3.442844                   2926  [3, 0, 4, 7, 5, 2, 6, 1]
96      0.061883                     47  [2, 6, 1, 7, 5, 3, 0, 4]
97      0.247191                    218  [3, 1, 7, 4, 6, 0, 2, 5]
98      2.115393                   1854  [3, 6, 2, 7, 1, 4, 0, 5]
99      1.624962                   1281  [5, 3, 6, 0, 7, 1, 4, 2]

[100 rows x 3 columns]