mean_number_of_generations: 4997.44
std_number_of_generations: 4190.326257927751
number_of_generation_range: 23667
mean_elapsed_time: 4.685403311000064
std_elapsed_time: 4.084250153312556
range_elapsed_time: 24.395333600001322

    elapsed_time  number_of_generations           completed_state
0       7.758198                   9228  [4, 6, 1, 5, 2, 0, 7, 3]
1       5.006153                   5403  [5, 3, 6, 0, 2, 4, 1, 7]
2       0.521731                    615  [1, 4, 6, 0, 2, 7, 5, 3]
3       0.466472                    571  [1, 3, 5, 7, 2, 0, 6, 4]
4       6.815094                   7170  [5, 2, 4, 7, 0, 3, 1, 6]
..           ...                    ...                       ...
95      3.649169                   4329  [4, 0, 3, 5, 7, 1, 6, 2]
96      8.567693                   9043  [3, 6, 4, 1, 5, 0, 2, 7]
97      8.368776                   9911  [4, 1, 3, 5, 7, 2, 0, 6]
98      3.799945                   4314  [4, 0, 3, 5, 7, 1, 6, 2]
99      2.904279                   3387  [4, 0, 7, 3, 1, 6, 2, 5]

[100 rows x 3 columns]