mean_number_of_generations: 132.88
std_number_of_generations: 192.37165628390827
number_of_generation_range: 1093
mean_elapsed_time: 0.6939938690000281
std_elapsed_time: 0.9149543297163225
range_elapsed_time: 4.752394599999661

    elapsed_time  number_of_generations           completed_state
0       0.430390                     76  [3, 5, 7, 2, 0, 6, 4, 1]
1       1.134020                    212  [7, 1, 4, 2, 0, 6, 3, 5]
2       0.125693                     22  [3, 7, 4, 2, 0, 6, 1, 5]
3       0.150666                     37  [5, 2, 6, 1, 3, 7, 0, 4]
4       0.178360                     28  [5, 7, 1, 3, 0, 6, 4, 2]
..           ...                    ...                       ...
95      0.320294                     44  [1, 4, 6, 0, 2, 7, 5, 3]
96      1.002576                     94  [4, 1, 5, 0, 6, 3, 7, 2]
97      0.362502                     42  [3, 1, 6, 4, 0, 7, 5, 2]
98      0.595743                    129  [6, 1, 5, 2, 0, 3, 7, 4]
99      0.406599                     58  [6, 1, 3, 0, 7, 4, 2, 5]

[100 rows x 3 columns]