mean_number_of_generations: 662.57
std_number_of_generations: 651.9681664007837
mean_elapsed_time: 0.9107588469999996
std_elapsed_time: 0.9770775370387488

    elapsed_time  number_of_generations           completed_state
0       0.881044                    731  [6, 2, 7, 1, 4, 0, 5, 3]
1       1.808731                   1289  [3, 1, 4, 7, 5, 0, 2, 6]
2       0.480866                    397  [4, 0, 7, 5, 2, 6, 1, 3]
3       0.652925                    578  [1, 7, 5, 0, 2, 4, 6, 3]
4       0.760265                    637  [5, 1, 6, 0, 3, 7, 4, 2]
..           ...                    ...                       ...
95      0.168645                    137  [2, 4, 7, 3, 0, 6, 1, 5]
96      1.175558                    656  [2, 6, 1, 7, 4, 0, 3, 5]
97      1.672360                    855  [2, 6, 1, 7, 5, 3, 0, 4]
98      0.587036                    435  [3, 6, 0, 7, 4, 1, 5, 2]
99      0.629730                    360  [4, 1, 5, 0, 6, 3, 7, 2]

[100 rows x 3 columns]