mean_number_of_generations: 138.52
std_number_of_generations: 175.50823630274738
number_of_generation_range: 938
mean_elapsed_time: 0.890090174999998
std_elapsed_time: 1.113248404794798
range_elapsed_time: 6.29841220000003

    elapsed_time  number_of_generations           completed_state
0       0.226506                     29  [4, 6, 1, 3, 7, 0, 2, 5]
1       0.122233                      9  [5, 2, 6, 1, 3, 7, 0, 4]
2       0.250810                     49  [5, 2, 6, 3, 0, 7, 1, 4]
3       0.811215                    112  [6, 2, 7, 1, 4, 0, 5, 3]
4       0.719717                    113  [4, 6, 3, 0, 2, 7, 5, 1]
..           ...                    ...                       ...
95      0.628020                     93  [5, 2, 6, 1, 7, 4, 0, 3]
96      2.931103                    422  [5, 3, 0, 4, 7, 1, 6, 2]
97      2.891333                    441  [2, 0, 6, 4, 7, 1, 3, 5]
98      0.227791                     38  [2, 5, 3, 1, 7, 4, 6, 0]
99      1.324859                    223  [2, 5, 7, 0, 3, 6, 4, 1]

[100 rows x 3 columns]