mean_number_of_generations: 4395.21
std_number_of_generations: 4523.200762432808
mean_elapsed_time: 7.092406728999991
std_elapsed_time: 7.920645411522629

    elapsed_time  number_of_generations           completed_state
0       2.381978                   2574  [1, 4, 6, 3, 0, 7, 5, 2]
1       0.786720                    960  [6, 3, 1, 4, 7, 0, 2, 5]
2       4.458100                   4886  [6, 3, 1, 7, 5, 0, 2, 4]
3      11.859114                  11456  [0, 5, 7, 2, 6, 3, 1, 4]
4       2.105470                   2492  [2, 5, 1, 6, 4, 0, 7, 3]
..           ...                    ...                       ...
95     20.956315                   7203  [5, 2, 4, 6, 0, 3, 1, 7]
96     15.870119                   6685  [2, 4, 1, 7, 5, 3, 6, 0]
97     10.538671                   1591  [6, 2, 0, 5, 7, 4, 1, 3]
98      7.759920                   2884  [4, 7, 3, 0, 2, 5, 1, 6]
99      0.841214                    927  [4, 6, 0, 2, 7, 5, 3, 1]

[100 rows x 3 columns]