mean_number_of_generations: 4976.77
std_number_of_generations: 5271.119799100058
mean_elapsed_time: 13.167167086999997
std_elapsed_time: 14.698733120887383

    elapsed_time  number_of_generations           completed_state
0      26.838778                  12844  [2, 4, 7, 3, 0, 6, 1, 5]
1       5.146959                   2838  [2, 0, 6, 4, 7, 1, 3, 5]
2      18.162967                   8837  [2, 0, 6, 4, 7, 1, 3, 5]
3       1.277525                    345  [2, 4, 1, 7, 5, 3, 6, 0]
4       5.691536                   2131  [1, 3, 5, 7, 2, 0, 6, 4]
..           ...                    ...                       ...
95      3.818170                   2321  [3, 7, 0, 2, 5, 1, 6, 4]
96      4.277137                   2278  [1, 5, 7, 2, 0, 3, 6, 4]
97      6.527594                   3784  [4, 6, 1, 3, 7, 0, 2, 5]
98     15.131332                   8584  [3, 5, 0, 4, 1, 7, 2, 6]
99      2.798063                   2066  [5, 2, 4, 7, 0, 3, 1, 6]

[100 rows x 3 columns]