mean_number_of_generations: 150.63
std_number_of_generations: 169.90524126730466
number_of_generation_range: 731
mean_elapsed_time: 0.9366282800000016
std_elapsed_time: 1.0414219609118367
range_elapsed_time: 4.612237100000016

    elapsed_time  number_of_generations           completed_state
0       0.161702                     25  [5, 2, 0, 7, 4, 1, 3, 6]
1       1.658294                    213  [3, 5, 0, 4, 1, 7, 2, 6]
2       0.269324                     40  [6, 2, 7, 1, 4, 0, 5, 3]
3       0.364841                     69  [7, 2, 0, 5, 1, 4, 6, 3]
4       4.666942                    704  [5, 1, 6, 0, 3, 7, 4, 2]
..           ...                    ...                       ...
95      0.258425                     86  [5, 2, 4, 7, 0, 3, 1, 6]
96      0.237023                     53  [2, 0, 6, 4, 7, 1, 3, 5]
97      0.276375                     39  [1, 3, 5, 7, 2, 0, 6, 4]
98      1.446925                    250  [5, 0, 4, 1, 7, 2, 6, 3]
99      0.717770                    126  [3, 5, 0, 4, 1, 7, 2, 6]

[100 rows x 3 columns]