mean_number_of_generations: 5130.13
std_number_of_generations: 4935.784361756252
mean_elapsed_time: 6.604621919000005
std_elapsed_time: 6.410393342512645

    elapsed_time  number_of_generations           completed_state
0       4.423610                   3357  [2, 5, 7, 0, 3, 6, 4, 1]
1       3.657840                   2250  [3, 5, 7, 2, 0, 6, 4, 1]
2       0.305930                    230  [1, 6, 4, 7, 0, 3, 5, 2]
3      11.768527                   5079  [5, 3, 6, 0, 7, 1, 4, 2]
4      13.023651                   7901  [4, 0, 3, 5, 7, 1, 6, 2]
..           ...                    ...                       ...
95      2.972791                   2464  [4, 0, 7, 3, 1, 6, 2, 5]
96      1.327147                    751  [1, 4, 6, 3, 0, 7, 5, 2]
97     13.429354                  10899  [1, 4, 6, 0, 2, 7, 5, 3]
98      5.814460                   3722  [2, 7, 3, 6, 0, 5, 1, 4]
99      0.758270                    667  [3, 1, 7, 5, 0, 2, 4, 6]

[100 rows x 3 columns]