mean_number_of_generations: 4851.55
std_number_of_generations: 4955.5673790172405
mean_elapsed_time: 15.587401839999856
std_elapsed_time: 16.882479283387227

    elapsed_time  number_of_generations           completed_state
0      17.312624                   7482  [7, 2, 0, 5, 1, 4, 6, 3]
1       4.014723                   1759  [2, 5, 7, 0, 3, 6, 4, 1]
2      28.554662                  12887  [5, 3, 6, 0, 7, 1, 4, 2]
3       9.591400                   4666  [0, 4, 7, 5, 2, 6, 1, 3]
4       1.225045                    568  [3, 1, 4, 7, 5, 0, 2, 6]
..           ...                    ...                       ...
95      2.450099                    951  [4, 6, 0, 3, 1, 7, 5, 2]
96      6.493410                   2950  [5, 0, 4, 1, 7, 2, 6, 3]
97      7.567030                   2569  [7, 1, 4, 2, 0, 6, 3, 5]
98      8.074402                   3434  [1, 7, 5, 0, 2, 4, 6, 3]
99     16.518469                   7585  [0, 6, 4, 7, 1, 3, 5, 2]

[100 rows x 3 columns]