mean_number_of_generations: 139.58
std_number_of_generations: 150.86298419426814
number_of_generation_range: 684
mean_elapsed_time: 0.7820994169999949
std_elapsed_time: 0.8408167020783839
range_elapsed_time: 4.391662499999711

    elapsed_time  number_of_generations           completed_state
0       1.307934                    226  [5, 2, 6, 3, 0, 7, 1, 4]
1       0.190854                     36  [5, 2, 6, 1, 3, 7, 0, 4]
2       0.091127                     19  [5, 3, 6, 0, 2, 4, 1, 7]
3       1.452601                    300  [6, 3, 1, 4, 7, 0, 2, 5]
4       0.719306                    169  [1, 3, 5, 7, 2, 0, 6, 4]
..           ...                    ...                       ...
95      0.111009                     13  [3, 6, 2, 7, 1, 4, 0, 5]
96      1.738133                    226  [0, 6, 3, 5, 7, 1, 4, 2]
97      0.393531                     51  [2, 7, 3, 6, 0, 5, 1, 4]
98      0.474578                    114  [3, 5, 7, 1, 6, 0, 2, 4]
99      0.255294                     37  [5, 2, 6, 1, 7, 4, 0, 3]

[100 rows x 3 columns]