mean_number_of_generations: 150.98
std_number_of_generations: 180.01576698621807
number_of_generation_range: 892
mean_elapsed_time: 0.8200482590000047
std_elapsed_time: 0.9300821933343789
range_elapsed_time: 4.4461239999996

    elapsed_time  number_of_generations           completed_state
0       1.512006                    252  [4, 6, 1, 5, 2, 0, 7, 3]
1       0.189269                     38  [2, 7, 3, 6, 0, 5, 1, 4]
2       0.216914                     37  [2, 5, 7, 1, 3, 0, 6, 4]
3       0.539916                     61  [3, 7, 0, 2, 5, 1, 6, 4]
4       1.732990                    262  [1, 6, 2, 5, 7, 4, 0, 3]
..           ...                    ...                       ...
95      0.153239                     28  [5, 3, 6, 0, 7, 1, 4, 2]
96      0.485164                     84  [2, 5, 1, 4, 7, 0, 6, 3]
97      1.837286                    381  [4, 0, 7, 3, 1, 6, 2, 5]
98      0.095241                     18  [5, 2, 4, 7, 0, 3, 1, 6]
99      0.463350                     76  [2, 6, 1, 7, 4, 0, 3, 5]

[100 rows x 3 columns]