mean_number_of_generations: 5069.63
std_number_of_generations: 4591.783198554266
mean_elapsed_time: 8.430004862999812
std_elapsed_time: 7.7766573094790505

    elapsed_time  number_of_generations           completed_state
0      19.645737                   9874  [4, 0, 7, 5, 2, 6, 1, 3]
1       6.826497                   4999  [4, 7, 3, 0, 6, 1, 5, 2]
2       5.410396                   3630  [3, 1, 7, 4, 6, 0, 2, 5]
3      17.432281                  10729  [4, 7, 3, 0, 6, 1, 5, 2]
4       6.406242                   3446  [4, 6, 0, 2, 7, 5, 3, 1]
..           ...                    ...                       ...
95     18.376008                  10151  [2, 5, 7, 1, 3, 0, 6, 4]
96     12.736195                   6004  [1, 4, 6, 0, 2, 7, 5, 3]
97      5.228874                   2791  [1, 4, 6, 3, 0, 7, 5, 2]
98     14.603107                   7215  [2, 5, 1, 4, 7, 0, 6, 3]
99     28.445067                  15747  [2, 4, 1, 7, 5, 3, 6, 0]

[100 rows x 3 columns]