mean_number_of_generations: 183.57
std_number_of_generations: 229.44056931694723
number_of_generation_range: 1000
mean_elapsed_time: 1.032220036000026
std_elapsed_time: 1.2706028674349361
range_elapsed_time: 5.957083199999943

    elapsed_time  number_of_generations           completed_state
0       2.387227                    380  [4, 7, 3, 0, 6, 1, 5, 2]
1       0.748977                    123  [2, 5, 7, 0, 3, 6, 4, 1]
2       1.666369                    335  [5, 3, 0, 4, 7, 1, 6, 2]
3       0.022324                      3  [1, 4, 6, 3, 0, 7, 5, 2]
4       0.388998                     70  [3, 1, 7, 5, 0, 2, 4, 6]
..           ...                    ...                       ...
95      2.115974                    411  [5, 3, 6, 0, 2, 4, 1, 7]
96      1.439565                    274  [1, 5, 7, 2, 0, 3, 6, 4]
97      5.979407                    977  [5, 3, 6, 0, 7, 1, 4, 2]
98      1.489553                    255  [1, 6, 2, 5, 7, 4, 0, 3]
99      0.234899                     49  [3, 7, 0, 2, 5, 1, 6, 4]

[100 rows x 3 columns]