mean_number_of_generations: 154.23
std_number_of_generations: 169.170277913388
number_of_generation_range: 1079
mean_elapsed_time: 1.0155284040000105
std_elapsed_time: 1.1206331701742474
range_elapsed_time: 8.01014959999975

    elapsed_time  number_of_generations           completed_state
0       0.062413                     10  [2, 0, 6, 4, 7, 1, 3, 5]
1       0.119598                     20  [5, 3, 0, 4, 7, 1, 6, 2]
2       0.195511                     26  [5, 2, 6, 1, 7, 4, 0, 3]
3       0.489303                     73  [5, 2, 6, 1, 7, 4, 0, 3]
4       1.794708                    281  [5, 2, 4, 6, 0, 3, 1, 7]
..           ...                    ...                       ...
95      2.462846                    432  [2, 7, 3, 6, 0, 5, 1, 4]
96      1.759140                    241  [1, 6, 2, 5, 7, 4, 0, 3]
97      1.912057                    288  [2, 4, 7, 3, 0, 6, 1, 5]
98      0.794924                     91  [6, 3, 1, 7, 5, 0, 2, 4]
99      0.454978                     55  [0, 6, 3, 5, 7, 1, 4, 2]

[100 rows x 3 columns]