mean_number_of_generations: 144.81
std_number_of_generations: 164.54434758821807
number_of_generation_range: 924
mean_elapsed_time: 0.8672318660000053
std_elapsed_time: 0.9396975247407497
range_elapsed_time: 5.118353000000184

    elapsed_time  number_of_generations           completed_state
0       1.010401                    150  [3, 6, 4, 2, 0, 5, 7, 1]
1       1.447035                    264  [3, 7, 4, 2, 0, 6, 1, 5]
2       0.088722                     18  [2, 0, 6, 4, 7, 1, 3, 5]
3       0.114969                     21  [4, 6, 3, 0, 2, 7, 5, 1]
4       3.196427                    532  [5, 7, 1, 3, 0, 6, 4, 2]
..           ...                    ...                       ...
95      0.374048                     57  [3, 7, 0, 4, 6, 1, 5, 2]
96      1.077536                    236  [4, 6, 0, 3, 1, 7, 5, 2]
97      0.061943                     16  [3, 6, 4, 1, 5, 0, 2, 7]
98      1.586872                    321  [5, 2, 6, 3, 0, 7, 1, 4]
99      1.925686                    407  [5, 7, 1, 3, 0, 6, 4, 2]

[100 rows x 3 columns]