mean_number_of_generations: 143.57
std_number_of_generations: 213.8131561844962
mean_elapsed_time: 0.7798824220000188
std_elapsed_time: 1.097417360535554

    elapsed_time  number_of_generations           completed_state
0       0.106985                     17  [6, 1, 5, 2, 0, 3, 7, 4]
1       0.939934                    159  [4, 2, 7, 3, 6, 0, 5, 1]
2       0.644349                    100  [2, 4, 7, 3, 0, 6, 1, 5]
3       0.725269                    165  [3, 5, 0, 4, 1, 7, 2, 6]
4       0.037171                      7  [3, 5, 7, 2, 0, 6, 4, 1]
..           ...                    ...                       ...
95      0.208121                     50  [2, 5, 3, 0, 7, 4, 6, 1]
96      0.386120                     86  [2, 6, 1, 7, 5, 3, 0, 4]
97      0.058273                     19  [3, 1, 4, 7, 5, 0, 2, 6]
98      0.904261                    151  [1, 6, 4, 7, 0, 3, 5, 2]
99      0.333770                     49  [1, 5, 7, 2, 0, 3, 6, 4]

[100 rows x 3 columns]