mean_number_of_generations: 174.98
std_number_of_generations: 182.4925613538671
mean_elapsed_time: 0.9182707280000113
std_elapsed_time: 0.934927310943511

    elapsed_time  number_of_generations           completed_state
0       0.185258                     35  [3, 1, 7, 5, 0, 2, 4, 6]
1       0.032065                      6  [4, 0, 7, 3, 1, 6, 2, 5]
2       0.294837                     53  [5, 2, 6, 3, 0, 7, 1, 4]
3       1.027498                    146  [1, 5, 0, 6, 3, 7, 2, 4]
4       1.611184                    240  [4, 0, 7, 3, 1, 6, 2, 5]
..           ...                    ...                       ...
95      0.194863                     26  [2, 4, 1, 7, 0, 6, 3, 5]
96      0.314749                     49  [6, 4, 2, 0, 5, 7, 1, 3]
97      0.241764                     44  [4, 2, 0, 6, 1, 7, 5, 3]
98      0.156816                     26  [5, 3, 6, 0, 7, 1, 4, 2]
99      1.212964                    210  [4, 0, 7, 5, 2, 6, 1, 3]

[100 rows x 3 columns]