mean_number_of_generations: 1758.23
std_number_of_generations: 1736.6581856071634
mean_elapsed_time: 2.6753246010000296
std_elapsed_time: 2.6862123264023334

    elapsed_time  number_of_generations           completed_state
0       7.622667                   5345  [6, 3, 1, 7, 5, 0, 2, 4]
1       2.345869                   1668  [4, 2, 7, 3, 6, 0, 5, 1]
2       0.149220                     76  [2, 5, 3, 1, 7, 4, 6, 0]
3       0.179668                     65  [2, 4, 7, 3, 0, 6, 1, 5]
4       0.464108                    288  [4, 6, 1, 5, 2, 0, 7, 3]
..           ...                    ...                       ...
95      4.949820                   3793  [6, 1, 5, 2, 0, 3, 7, 4]
96      1.357267                   1053  [1, 4, 6, 3, 0, 7, 5, 2]
97      0.940525                    713  [2, 4, 1, 7, 5, 3, 6, 0]
98      0.023824                     19  [3, 5, 7, 1, 6, 0, 2, 4]
99      2.741695                   1930  [2, 0, 6, 4, 7, 1, 3, 5]

[100 rows x 3 columns]