mean_number_of_generations: 160.24
std_number_of_generations: 248.54644587596854
mean_elapsed_time: 0.8567113870000026
std_elapsed_time: 1.2605609471013666

    elapsed_time  number_of_generations           completed_state
0       2.646935                    405  [5, 2, 0, 6, 4, 7, 1, 3]
1       0.278720                     56  [4, 6, 0, 2, 7, 5, 3, 1]
2       0.639922                    124  [1, 4, 6, 0, 2, 7, 5, 3]
3       1.671201                    349  [5, 2, 6, 1, 3, 7, 0, 4]
4       1.949664                    360  [4, 0, 7, 3, 1, 6, 2, 5]
..           ...                    ...                       ...
95      0.245738                     47  [2, 4, 1, 7, 0, 6, 3, 5]
96      0.101390                     20  [4, 6, 0, 2, 7, 5, 3, 1]
97      0.065710                     12  [6, 1, 3, 0, 7, 4, 2, 5]
98      1.259776                    237  [3, 7, 4, 2, 0, 6, 1, 5]
99      0.123329                     21  [6, 3, 1, 7, 5, 0, 2, 4]

[100 rows x 3 columns]