mean_number_of_generations: 161.9
std_number_of_generations: 198.09382023718362
mean_elapsed_time: 1.1630539919999978
std_elapsed_time: 1.534860440196252

    elapsed_time  number_of_generations           completed_state
0       0.578390                    116  [4, 0, 7, 3, 1, 6, 2, 5]
1       0.170787                     28  [5, 1, 6, 0, 3, 7, 4, 2]
2       0.094508                      8  [1, 6, 4, 7, 0, 3, 5, 2]
3       1.170256                    173  [0, 5, 7, 2, 6, 3, 1, 4]
4       2.862951                    518  [2, 5, 3, 0, 7, 4, 6, 1]
..           ...                    ...                       ...
95      1.006832                    177  [3, 1, 7, 4, 6, 0, 2, 5]
96      1.801184                    409  [3, 1, 7, 5, 0, 2, 4, 6]
97      0.282139                     49  [3, 1, 7, 4, 6, 0, 2, 5]
98      0.446479                     83  [3, 1, 7, 5, 0, 2, 4, 6]
99      0.134029                     19  [5, 2, 6, 3, 0, 7, 1, 4]

[100 rows x 3 columns]