mean_number_of_generations: 4823.04
std_number_of_generations: 4047.9871090144884
mean_elapsed_time: 4.877866072999995
std_elapsed_time: 4.172739663877009

    elapsed_time  number_of_generations           completed_state
0       4.968794                   4326  [3, 6, 0, 7, 4, 1, 5, 2]
1      16.350339                  14959  [4, 0, 7, 5, 2, 6, 1, 3]
2       1.017958                    918  [5, 2, 6, 3, 0, 7, 1, 4]
3       7.142413                   7217  [2, 6, 1, 7, 4, 0, 3, 5]
4       2.937354                   2924  [2, 5, 3, 1, 7, 4, 6, 0]
..           ...                    ...                       ...
95      0.275396                    337  [2, 5, 3, 0, 7, 4, 6, 1]
96      7.621045                   8201  [3, 5, 7, 1, 6, 0, 2, 4]
97      9.489907                   9504  [0, 5, 7, 2, 6, 3, 1, 4]
98      1.708945                   1258  [4, 2, 0, 6, 1, 7, 5, 3]
99      3.820101                   3108  [1, 7, 5, 0, 2, 4, 6, 3]

[100 rows x 3 columns]