mean_number_of_generations: 5130.32
std_number_of_generations: 4776.559562080327
mean_elapsed_time: 7.778844181000011
std_elapsed_time: 7.499804483369697

    elapsed_time  number_of_generations           completed_state
0      20.357953                  11392  [4, 7, 3, 6, 6, 4, 0, 6]
1       4.726066                   2694  [0, 4, 5, 2, 1, 7, 2, 1]
2       5.930042                   3196  [1, 2, 3, 5, 4, 1, 1, 3]
3      14.356195                   9952  [0, 0, 6, 1, 6, 7, 3, 7]
4       0.276253                    171  [4, 7, 1, 3, 7, 4, 1, 2]
..           ...                    ...                       ...
95      9.436831                   6299  [4, 7, 4, 2, 5, 4, 0, 6]
96      0.952291                    728  [5, 2, 4, 0, 5, 4, 0, 7]
97      5.418995                   3861  [0, 4, 3, 7, 6, 1, 5, 7]
98      6.993129                   5092  [7, 3, 0, 7, 5, 1, 3, 0]
99      7.190607                   5095  [4, 6, 3, 7, 3, 4, 6, 4]

[100 rows x 3 columns]