mean_number_of_generations: 7921.78
std_number_of_generations: 7784.895737778434
mean_elapsed_time: 21.179093786999946
std_elapsed_time: 22.695182896414895

    elapsed_time  number_of_generations           completed_state
0      13.776637                   5231  [2, 5, 7, 0, 3, 6, 4, 1]
1       0.387699                    193  [3, 6, 4, 2, 0, 5, 7, 1]
2      10.670941                   4842  [2, 4, 1, 7, 0, 6, 3, 5]
3       0.567515                    302  [1, 6, 2, 5, 7, 4, 0, 3]
4      11.491675                   4060  [5, 2, 6, 1, 3, 7, 0, 4]
..           ...                    ...                       ...
95      2.234132                    903  [4, 6, 1, 5, 2, 0, 7, 3]
96     18.955660                   8519  [7, 2, 0, 5, 1, 4, 6, 3]
97      1.651930                    752  [5, 1, 6, 0, 2, 4, 7, 3]
98     38.375003                  16515  [3, 6, 0, 7, 4, 1, 5, 2]
99      3.063516                   1255  [1, 4, 6, 3, 0, 7, 5, 2]

[100 rows x 3 columns]