    elapsed_time  number_of_generations           completed_state
0      12.421941                   8318  [3, 0, 4, 7, 5, 2, 6, 1]
1      10.768073                   6671  [2, 4, 6, 0, 3, 1, 7, 5]
2       2.681483                   1593  [4, 1, 3, 5, 7, 2, 0, 6]
3       4.513040                   2730  [3, 0, 4, 7, 1, 6, 2, 5]
4       4.783787                   3010  [2, 0, 6, 4, 7, 1, 3, 5]
..           ...                    ...                       ...
95      6.869762                   3839  [5, 3, 6, 0, 2, 4, 1, 7]
96      8.744122                   5232  [5, 2, 6, 1, 7, 4, 0, 3]
97      2.882624                   1738  [3, 1, 6, 2, 5, 7, 0, 4]
98      2.823728                   1673  [4, 6, 1, 5, 2, 0, 7, 3]
99     13.102215                   7630  [0, 6, 4, 7, 1, 3, 5, 2]

[100 rows x 3 columns]
mean_number_of_generations: 5354.48
std_number_of_generations: 5600.043177106275
mean_elapsed_time: 10.960063944999956
std_elapsed_time: 11.107516642850415