   elapsed_time  number_of_generations           completed_state
0      7.483997                   4518  [5, 7, 1, 3, 0, 6, 4, 2]
1      2.626037                   1737  [3, 7, 0, 4, 6, 1, 5, 2]
2      6.020351                   3121  [3, 1, 6, 4, 0, 7, 5, 2]
3      2.912519                   1975  [3, 1, 7, 4, 6, 0, 2, 5]
4     17.938960                  12381  [4, 0, 7, 3, 1, 6, 2, 5]
5      1.108202                    729  [4, 2, 0, 5, 7, 1, 3, 6]
6      6.128989                   3403  [6, 4, 2, 0, 5, 7, 1, 3]
7      1.372002                    837  [3, 1, 4, 7, 5, 0, 2, 6]
8      7.996324                   5102  [3, 5, 7, 2, 0, 6, 4, 1]
9     18.078233                  12179  [5, 3, 1, 7, 4, 6, 0, 2]
mean_number_of_generations: 4598.2
std_number_of_generations: 4295.945783849906
mean_elapsed_time: 7.1665613499998475
std_elapsed_time: 6.211840305040021

   elapsed_time  number_of_generations           completed_state
0      0.711418                    652  [4, 6, 3, 0, 2, 7, 5, 1]
1      8.959969                   6724  [2, 5, 7, 0, 4, 6, 1, 3]
2      1.208837                    911  [1, 3, 5, 7, 2, 0, 6, 4]
3      9.622545                   5864  [5, 2, 0, 6, 4, 7, 1, 3]
4      4.630539                   3950  [2, 5, 1, 6, 0, 3, 7, 4]
5      3.163567                   2659  [1, 7, 5, 0, 2, 4, 6, 3]
6      0.901148                    615  [4, 1, 3, 5, 7, 2, 0, 6]
7     10.580217                   6679  [2, 4, 7, 3, 0, 6, 1, 5]
8      5.173143                   2888  [4, 1, 3, 6, 2, 7, 5, 0]
9     12.448236                   7572  [0, 5, 7, 2, 6, 3, 1, 4]
mean_number_of_generations: 3851.4
std_number_of_generations: 2705.070391361789
mean_elapsed_time: 5.739961960000073
std_elapsed_time: 4.362635392152637

   elapsed_time  number_of_generations           completed_state
0      1.840208                   1101  [3, 1, 7, 4, 6, 0, 2, 5]
1     13.361163                   8011  [2, 5, 7, 0, 4, 6, 1, 3]
2      4.498586                   2869  [6, 2, 0, 5, 7, 4, 1, 3]
3      8.640800                   5802  [4, 2, 7, 3, 6, 0, 5, 1]
4      3.626462                   3517  [5, 0, 4, 1, 7, 2, 6, 3]
5     12.657745                   9207  [2, 5, 3, 0, 7, 4, 6, 1]
6     20.983719                  16688  [1, 3, 5, 7, 2, 0, 6, 4]
7      3.016737                   2325  [5, 1, 6, 0, 2, 4, 7, 3]
8     10.663382                   9129  [0, 6, 3, 5, 7, 1, 4, 2]
9      6.266733                   5009  [3, 1, 6, 2, 5, 7, 4, 0]
mean_number_of_generations: 6365.8
std_number_of_generations: 4612.909657809387
mean_elapsed_time: 8.555553480000025
std_elapsed_time: 5.968429446604741
