mean_number_of_generations: 123.39
std_number_of_generations: 176.00051050201446
number_of_generation_range: 937
mean_elapsed_time: 0.668643413999996
std_elapsed_time: 0.9112849521167526
range_elapsed_time: 5.6638486999997895

    elapsed_time  number_of_generations           completed_state
0       0.152051                     27  [3, 7, 4, 2, 0, 6, 1, 5]
1       0.425240                     63  [5, 2, 4, 6, 0, 3, 1, 7]
2       0.906363                    126  [6, 1, 3, 0, 7, 4, 2, 5]
3       0.780289                     77  [3, 5, 7, 1, 6, 0, 2, 4]
4       0.100085                     16  [2, 5, 1, 4, 7, 0, 6, 3]
..           ...                    ...                       ...
95      0.151730                     25  [3, 6, 4, 2, 0, 5, 7, 1]
96      0.064961                     12  [4, 2, 0, 6, 1, 7, 5, 3]
97      0.105886                     18  [2, 4, 6, 0, 3, 1, 7, 5]
98      0.643961                    142  [5, 1, 6, 0, 2, 4, 7, 3]
99      0.652824                    111  [2, 7, 3, 6, 0, 5, 1, 4]

[100 rows x 3 columns]