mean_number_of_generations: 193.82
std_number_of_generations: 165.06964431641416
mean_elapsed_time: 1.2320989349999854
std_elapsed_time: 1.062681803125268

    elapsed_time  number_of_generations           completed_state
0       4.118997                    713  [5, 2, 6, 1, 3, 7, 0, 4]
1       1.201032                    206  [5, 2, 6, 1, 3, 7, 0, 4]
2       2.188415                    394  [1, 5, 0, 6, 3, 7, 2, 4]
3       0.238312                     45  [3, 1, 6, 2, 5, 7, 4, 0]
4       0.435917                     68  [6, 2, 7, 1, 4, 0, 5, 3]
..           ...                    ...                       ...
95      0.986334                    162  [2, 5, 3, 0, 7, 4, 6, 1]
96      0.603747                     98  [2, 6, 1, 7, 5, 3, 0, 4]
97      1.729726                    278  [1, 5, 0, 6, 3, 7, 2, 4]
98      0.907495                    146  [3, 7, 0, 4, 6, 1, 5, 2]
99      3.077814                    504  [2, 6, 1, 7, 4, 0, 3, 5]

[100 rows x 3 columns]