mean_number_of_generations: 5318.86
std_number_of_generations: 5075.610531062278
mean_elapsed_time: 8.734605291999832
std_elapsed_time: 8.067242047153954

    elapsed_time  number_of_generations           completed_state
0       5.577677                   1645  [4, 7, 3, 0, 6, 1, 5, 2]
1       6.336306                   2594  [5, 2, 0, 7, 4, 1, 3, 6]
2      17.721950                   7227  [4, 1, 5, 0, 6, 3, 7, 2]
3       1.259609                    604  [4, 6, 1, 3, 7, 0, 2, 5]
4      19.695325                   6793  [3, 6, 0, 7, 4, 1, 5, 2]
..           ...                    ...                       ...
95     26.073641                  15409  [6, 1, 5, 2, 0, 3, 7, 4]
96      6.290086                   3713  [4, 0, 7, 5, 2, 6, 1, 3]
97     21.950061                  13220  [2, 4, 1, 7, 5, 3, 6, 0]
98     19.281084                  10313  [3, 6, 4, 1, 5, 0, 2, 7]
99      0.825983                    483  [4, 7, 3, 0, 2, 5, 1, 6]

[100 rows x 3 columns]