mean_number_of_generations: 153.31
std_number_of_generations: 191.34345316918237
number_of_generation_range: 1084
mean_elapsed_time: 0.36580484999993135
std_elapsed_time: 0.4452185791351694
range_elapsed_time: 2.526594999999361

    elapsed_time  number_of_generations           completed_state
0       0.730424                    313  [2, 4, 1, 7, 5, 3, 6, 0]
1       2.271740                   1090  [4, 6, 0, 2, 7, 5, 3, 1]
2       0.082259                     41  [4, 1, 3, 6, 2, 7, 5, 0]
3       0.421623                    196  [4, 2, 7, 3, 6, 0, 5, 1]
4       1.574265                    703  [4, 2, 0, 5, 7, 1, 3, 6]
..           ...                    ...                       ...
95      1.140306                    508  [4, 6, 0, 2, 7, 5, 3, 1]
96      0.223472                     91  [6, 1, 3, 0, 7, 4, 2, 5]
97      0.110445                     49  [5, 1, 6, 0, 3, 7, 4, 2]
98      0.146060                     70  [5, 2, 6, 1, 7, 4, 0, 3]
99      0.176905                     78  [4, 6, 3, 0, 2, 7, 5, 1]

[100 rows x 3 columns]